0 0.299479 0.345486 0.015625 0.059028
0 0.312500 0.347222 0.010417 0.055556
0 0.328125 0.343750 0.015625 0.055556
0 0.390625 0.345486 0.015625 0.065972
0 0.406250 0.338542 0.010417 0.045139
0 0.432292 0.348958 0.020833 0.059028
0 0.524740 0.463542 0.018229 0.059028
0 0.540365 0.434028 0.023438 0.076389
0 0.648438 0.425347 0.020833 0.072917
0 0.651042 0.810764 0.052083 0.211806
0 0.825521 0.668403 0.041667 0.100694
0 0.845052 0.815972 0.054688 0.208333
0 0.824219 0.894097 0.075521 0.211806
0 0.222656 0.480903 0.023438 0.093750
0 0.147135 0.364583 0.013021 0.055556
0 0.183594 0.394097 0.018229 0.045139
