0 0.170573 0.394097 0.013021 0.045139
0 0.204427 0.397569 0.018229 0.059028
0 0.222656 0.402778 0.018229 0.069444
0 0.286458 0.340278 0.010417 0.055556
0 0.303385 0.331597 0.013021 0.031250
0 0.316406 0.369792 0.013021 0.052083
0 0.335938 0.401042 0.010417 0.059028
0 0.345052 0.402778 0.013021 0.055556
0 0.348958 0.486111 0.031250 0.104167
0 0.307292 0.451389 0.031250 0.055556
0 0.395833 0.361111 0.015625 0.041667
0 0.401042 0.406250 0.015625 0.076389
0 0.317708 0.314236 0.010417 0.045139
0 0.329427 0.307292 0.007812 0.038194
0 0.337240 0.310764 0.007812 0.045139
0 0.356771 0.310764 0.010417 0.038194
0 0.389323 0.946181 0.033854 0.107639
0 0.430990 0.954861 0.039062 0.090278
