0 0.207031 0.387153 0.013021 0.038194
0 0.329427 0.361111 0.013021 0.048611
0 0.342448 0.361111 0.013021 0.048611
0 0.356771 0.359375 0.010417 0.045139
0 0.369792 0.333333 0.010417 0.041667
0 0.386719 0.329861 0.013021 0.048611
0 0.404948 0.331597 0.013021 0.052083
0 0.542969 0.454861 0.028646 0.097222
0 0.605469 0.484375 0.033854 0.093750
0 0.397135 0.513889 0.023438 0.083333
0 0.376302 0.435764 0.018229 0.065972
0 0.718750 0.494792 0.031250 0.107639
0 0.625000 0.635417 0.052083 0.111111
0 0.781250 0.904514 0.067708 0.190972
0 0.759115 0.486111 0.028646 0.090278
0 0.790365 0.487847 0.028646 0.100694
0 0.858073 0.645833 0.039062 0.131944
0 0.921875 0.640625 0.036458 0.163194
