0 0.303385 0.342014 0.013021 0.045139
0 0.315104 0.345486 0.010417 0.045139
0 0.335938 0.348958 0.010417 0.045139
0 0.352865 0.345486 0.013021 0.045139
0 0.282552 0.402778 0.023438 0.041667
0 0.404948 0.524306 0.028646 0.062500
0 0.514323 0.453125 0.018229 0.079861
0 0.562500 0.501736 0.026042 0.086806
0 0.649740 0.458333 0.028646 0.083333
0 0.686198 0.463542 0.028646 0.079861
0 0.617188 0.597222 0.031250 0.131944
0 0.677083 0.605903 0.036458 0.142361
0 0.960938 0.680556 0.041667 0.173611
0 0.371094 0.857639 0.054688 0.208333
0 0.437500 0.859375 0.046875 0.211806
