0 0.186198 0.394097 0.018229 0.038194
0 0.207031 0.401042 0.018229 0.065972
0 0.311198 0.407986 0.013021 0.072917
0 0.316406 0.321181 0.013021 0.052083
0 0.333333 0.324653 0.015625 0.038194
0 0.350260 0.322917 0.013021 0.041667
0 0.368490 0.319444 0.013021 0.034722
0 0.393229 0.338542 0.010417 0.045139
0 0.408854 0.335069 0.015625 0.052083
0 0.352865 0.406250 0.013021 0.062500
0 0.375000 0.385417 0.010417 0.034722
0 0.382812 0.439236 0.015625 0.072917
0 0.410156 0.439236 0.023438 0.086806
0 0.407552 0.519097 0.028646 0.059028
0 0.505208 0.385417 0.010417 0.062500
0 0.518229 0.380208 0.010417 0.065972
0 0.750000 0.541667 0.041667 0.111111
