0 0.199219 0.392361 0.018229 0.048611
0 0.320312 0.378472 0.020833 0.055556
0 0.338542 0.373264 0.015625 0.052083
0 0.393229 0.383681 0.026042 0.059028
0 0.346354 0.430556 0.015625 0.069444
0 0.361979 0.432292 0.026042 0.086806
0 0.436198 0.402778 0.028646 0.090278
0 0.513021 0.406250 0.020833 0.069444
0 0.539062 0.409722 0.020833 0.083333
0 0.510417 0.475694 0.026042 0.062500
0 0.510417 0.519097 0.020833 0.059028
0 0.532552 0.519097 0.018229 0.072917
0 0.584635 0.493056 0.033854 0.111111
0 0.736979 0.692708 0.046875 0.170139
0 0.815104 0.671875 0.046875 0.121528
0 0.826823 0.788194 0.070312 0.187500
0 0.904948 0.781250 0.054688 0.187500
