0 0.186198 0.392361 0.018229 0.048611
0 0.200521 0.411458 0.015625 0.059028
0 0.398438 0.513889 0.026042 0.055556
0 0.417969 0.520833 0.013021 0.055556
0 0.808594 0.546875 0.033854 0.121528
0 0.692708 0.614583 0.041667 0.145833
0 0.838542 0.453125 0.026042 0.086806
0 0.554688 0.397569 0.020833 0.072917
0 0.414062 0.399306 0.020833 0.069444
0 0.363281 0.317708 0.007812 0.038194
0 0.375000 0.314236 0.010417 0.045139
0 0.285156 0.324653 0.007812 0.031250
0 0.292969 0.322917 0.007812 0.034722
0 0.302083 0.324653 0.010417 0.038194
0 0.309896 0.328125 0.010417 0.031250
