0 0.292969 0.326389 0.013021 0.041667
0 0.307292 0.328125 0.010417 0.038194
0 0.317708 0.328125 0.005208 0.038194
0 0.321615 0.331597 0.007812 0.031250
0 0.333333 0.329861 0.010417 0.027778
0 0.355469 0.328125 0.013021 0.024306
0 0.222656 0.446181 0.023438 0.059028
0 0.277344 0.522569 0.028646 0.114583
0 0.325521 0.458333 0.026042 0.090278
0 0.528646 0.399306 0.020833 0.076389
0 0.559896 0.392361 0.020833 0.069444
0 0.645833 0.397569 0.015625 0.079861
0 0.666667 0.397569 0.015625 0.086806
0 0.924479 0.939236 0.083333 0.121528
