0 0.282552 0.324653 0.013021 0.052083
0 0.294271 0.328125 0.010417 0.045139
0 0.305990 0.331597 0.007812 0.045139
0 0.316406 0.329861 0.013021 0.048611
0 0.339844 0.335069 0.013021 0.045139
0 0.361979 0.336806 0.015625 0.048611
0 0.399740 0.352431 0.013021 0.052083
0 0.411458 0.407986 0.026042 0.072917
0 0.423177 0.359375 0.013021 0.031250
0 0.445312 0.368056 0.015625 0.062500
0 0.433594 0.402778 0.018229 0.076389
0 0.494792 0.397569 0.010417 0.072917
0 0.513021 0.404514 0.026042 0.079861
0 0.632812 0.435764 0.026042 0.093750
0 0.841146 0.586806 0.026042 0.076389
0 0.834635 0.644097 0.044271 0.156250
0 0.894531 0.614583 0.039062 0.125000
0 0.436198 0.736111 0.033854 0.173611
