0 0.283854 0.364583 0.015625 0.055556
0 0.316406 0.364583 0.013021 0.055556
0 0.322917 0.446181 0.020833 0.072917
0 0.401042 0.536458 0.036458 0.093750
0 0.434896 0.505208 0.031250 0.114583
0 0.339844 0.347222 0.013021 0.062500
0 0.352865 0.347222 0.013021 0.062500
0 0.364583 0.383681 0.015625 0.065972
0 0.385417 0.340278 0.015625 0.041667
0 0.389323 0.383681 0.013021 0.065972
0 0.432292 0.407986 0.015625 0.059028
0 0.557292 0.503472 0.031250 0.104167
0 0.697917 0.375000 0.010417 0.027778
0 0.709635 0.373264 0.007812 0.024306
0 0.680990 0.387153 0.018229 0.052083
0 0.761719 0.513889 0.028646 0.125000
0 0.802083 0.512153 0.031250 0.107639
0 0.757812 0.652778 0.041667 0.159722
0 0.963542 0.751736 0.057292 0.218750
0 0.575521 0.982639 0.026042 0.034722
0 0.290365 0.449653 0.023438 0.079861
