0 0.294271 0.335069 0.010417 0.038194
0 0.308594 0.347222 0.013021 0.048611
0 0.342448 0.331597 0.013021 0.059028
0 0.358073 0.328125 0.013021 0.052083
0 0.386719 0.531250 0.033854 0.131944
0 0.385417 0.380208 0.015625 0.059028
0 0.580729 0.494792 0.020833 0.107639
0 0.609375 0.496528 0.026042 0.104167
0 0.677083 0.446181 0.026042 0.065972
0 0.785156 0.517361 0.039062 0.111111
0 0.863281 0.628472 0.044271 0.145833
0 0.920573 0.631944 0.039062 0.159722
0 0.960938 0.635417 0.036458 0.145833
0 0.992188 0.625000 0.015625 0.166667
