0 0.201823 0.395833 0.023438 0.048611
0 0.410156 0.532986 0.044271 0.072917
0 0.291667 0.340278 0.015625 0.055556
0 0.305990 0.328125 0.013021 0.052083
0 0.317708 0.328125 0.010417 0.059028
0 0.368490 0.324653 0.013021 0.031250
0 0.373698 0.361111 0.013021 0.048611
0 0.381510 0.338542 0.013021 0.052083
0 0.404948 0.383681 0.013021 0.052083
0 0.397135 0.335069 0.013021 0.038194
0 0.414062 0.335069 0.010417 0.038194
0 0.429688 0.326389 0.015625 0.034722
0 0.429688 0.368056 0.020833 0.062500
0 0.671875 0.461806 0.020833 0.097222
0 0.707031 0.423611 0.028646 0.083333
0 0.708333 0.378472 0.031250 0.027778
0 0.721354 0.513889 0.031250 0.104167
0 0.774740 0.520833 0.039062 0.111111
0 0.789062 0.623264 0.046875 0.128472
0 0.891927 0.932292 0.059896 0.135417
0 0.954427 0.934028 0.065104 0.131944
