0 0.351562 0.324653 0.010417 0.031250
0 0.369792 0.315972 0.010417 0.027778
0 0.317708 0.321181 0.015625 0.052083
0 0.298177 0.359375 0.013021 0.045139
0 0.209635 0.388889 0.018229 0.041667
0 0.300781 0.425347 0.028646 0.045139
0 0.376302 0.565972 0.033854 0.125000
0 0.139323 0.428819 0.018229 0.031250
0 0.565104 0.671875 0.052083 0.163194
0 0.558594 0.472222 0.028646 0.097222
0 0.707031 0.388889 0.018229 0.062500
0 0.736979 0.375000 0.015625 0.027778
0 0.617188 0.375000 0.010417 0.027778
0 0.639323 0.387153 0.013021 0.038194
0 0.651042 0.376736 0.010417 0.038194
0 0.662760 0.383681 0.013021 0.059028
0 0.389323 0.953125 0.080729 0.093750
