0 0.282552 0.336806 0.013021 0.062500
0 0.296875 0.350694 0.020833 0.076389
0 0.316406 0.338542 0.018229 0.059028
0 0.341146 0.336806 0.010417 0.041667
0 0.381510 0.383681 0.013021 0.059028
0 0.402344 0.385417 0.018229 0.069444
0 0.286458 0.454861 0.020833 0.083333
0 0.311198 0.451389 0.018229 0.083333
0 0.346354 0.451389 0.020833 0.083333
0 0.368490 0.446181 0.018229 0.072917
0 0.555990 0.449653 0.018229 0.086806
0 0.515625 0.470486 0.026042 0.100694
0 0.932292 0.744792 0.052083 0.197917
0 0.983073 0.746528 0.033854 0.166667
0 0.437500 0.359375 0.015625 0.059028
