20200810_clip_0_0944_img_5.jpg,3,1,2,2,1
20200810_clip_11_1452_img_115.jpg,15,5,10,7,2
20200810_clip_19_1828_img_115.jpg,5,2,3,2,0
20200810_clip_23_2012_img_5.jpg,12,5,7,10,5
20200810_clip_31_2356_img_115.jpg,1,1,0,1,0
20200811_clip_0_0000_img_5.jpg,2,1,1,3,2
20200811_clip_15_0638_img_5.jpg,2,2,0,2,0
20200811_clip_20_0858_img_5.jpg,1,1,0,2,1
20200811_clip_37_1610_img_115.jpg,5,1,4,2,1
20200811_clip_53_2327_img_115.jpg,5,2,3,5,3
20200812_clip_0_0000_img_5.jpg,2,0,2,0,0
20200812_clip_15_0656_img_88.jpg,2,2,0,2,0
20200812_clip_32_1420_img_115.jpg,8,3,5,3,0
20200812_clip_43_1902_img_5.jpg,7,2,5,2,0
20200812_clip_54_2350_img_115.jpg,4,2,2,3,1
20200813_clip_0_0000_img_5.jpg,2,0,2,1,1
20200813_clip_16_0709_img_115.jpg,3,2,1,2,0
20200813_clip_33_1435_img_115.jpg,5,1,4,1,0
20200813_clip_42_1839_img_115.jpg,17,3,14,5,2
20200813_clip_54_2348_img_115.jpg,5,3,2,7,4
20200814_clip_0_0000_img_5.jpg,0,0,0,3,3
20200814_clip_16_0703_img_115.jpg,2,2,0,2,0
20200814_clip_30_1311_img_115.jpg,6,5,1,7,2
20200814_clip_41_1808_img_5.jpg,4,0,4,0,0
20200814_clip_54_2347_img_115.jpg,7,4,3,9,5
20200815_clip_0_0000_img_5.jpg,8,4,4,7,3
20200815_clip_19_0837_img_5.jpg,1,1,0,1,0
20200815_clip_30_1344_img_115.jpg,12,3,9,4,1
20200815_clip_41_1839_img_5.jpg,7,2,5,3,1
20200815_clip_53_2349_img_115.jpg,8,3,5,8,5
20200816_clip_0_0000_img_5.jpg,18,12,6,20,8
20200816_clip_12_0509_img_115.jpg,2,0,2,0,0
20200816_clip_18_0757_img_101.jpg,0,0,0,1,1
20200816_clip_22_0949_img_5.jpg,1,0,1,0,0
20200816_clip_34_1523_img_115.jpg,10,0,10,0,0
20200817_clip_0_0941_img_5.jpg,1,1,0,2,1
20200817_clip_12_1504_img_36.jpg,9,2,7,2,0
20200817_clip_19_1812_img_115.jpg,12,3,9,4,1
20200817_clip_23_2004_img_115.jpg,21,13,8,15,2
20200817_clip_31_2337_img_115.jpg,0,0,0,0,0
20200818_clip_0_0000_img_5.jpg,1,0,1,0,0
20200818_clip_10_0440_img_115.jpg,0,0,0,0,0
20200818_clip_13_1547_img_5.jpg,9,5,4,10,5
20200818_clip_20_1903_img_5.jpg,0,0,0,0,0
20200818_clip_31_2359_img_59.jpg,11,8,3,13,5
20200819_clip_0_0000_img_5.jpg,10,7,3,11,4
20200819_clip_20_0917_img_35.jpg,1,1,0,1,0
20200819_clip_34_1531_img_115.jpg,2,1,1,1,0
20200819_clip_41_1847_img_115.jpg,5,2,3,4,2
20200819_clip_52_2334_img_115.jpg,0,0,0,1,1
20200820_clip_0_0000_img_5.jpg,2,1,1,3,2
20200820_clip_12_0535_img_115.jpg,2,2,0,2,0
20200820_clip_17_0755_img_5.jpg,0,0,0,1,1
20200820_clip_33_1450_img_26.jpg,4,4,0,7,3
20200820_clip_49_2201_img_115.jpg,7,5,2,6,1
20200821_clip_0_0000_img_5.jpg,3,2,1,2,0
20200821_clip_24_1059_img_115.jpg,1,1,0,1,0
20200821_clip_34_1539_img_115.jpg,6,2,4,2,0
20200821_clip_39_1740_img_115.jpg,10,3,7,7,4
20200821_clip_53_2351_img_115.jpg,4,1,3,3,2
20200822_clip_0_0000_img_5.jpg,6,2,4,7,5
20200822_clip_33_1443_img_115.jpg,21,13,8,16,3
20200822_clip_34_1511_img_115.jpg,10,4,6,9,5
20200822_clip_53_2344_img_115.jpg,0,0,0,1,1
20200823_clip_0_0000_img_5.jpg,2,2,0,5,3
20200823_clip_33_1433_img_115.jpg,12,4,8,5,1
20200823_clip_39_1721_img_115.jpg,8,3,5,7,4
20200823_clip_51_2240_img_115.jpg,1,1,0,1,0
20200824_clip_0_0000_img_5.jpg,0,0,0,0,0
20200824_clip_11_0442_img_115.jpg,1,1,0,1,0
20200824_clip_27_1142_img_115.jpg,1,1,0,1,0
20200824_clip_45_1938_img_115.jpg,10,6,4,12,6
20200825_clip_0_1216_img_5.jpg,2,1,1,2,1
20200825_clip_12_1748_img_5.jpg,14,11,3,11,0
20200825_clip_25_2345_img_115.jpg,1,0,1,1,1
20200825_clip_9_1628_img_115.jpg,9,3,6,5,2
20200826_clip_0_0000_img_5.jpg,0,0,0,0,0
20200826_clip_20_0920_img_115.jpg,4,4,0,7,3
20200826_clip_32_1452_img_5.jpg,3,3,0,5,2
20200826_clip_51_2336_img_115.jpg,0,0,0,0,0
20200827_clip_0_0000_img_5.jpg,0,0,0,0,0
20200827_clip_31_1404_img_115.jpg,3,0,3,1,1
20200827_clip_40_1759_img_62.jpg,12,10,2,10,0
20200827_clip_53_2349_img_115.jpg,0,0,0,0,0
20200828_clip_0_0000_img_5.jpg,2,2,0,3,1
20200828_clip_17_0731_img_115.jpg,3,1,2,4,3
20200828_clip_24_1047_img_5.jpg,0,0,0,0,0
20200828_clip_53_2347_img_115.jpg,0,0,0,0,0
20200829_clip_0_0000_img_5.jpg,0,0,0,1,1
20200829_clip_38_1707_img_115.jpg,8,7,1,7,0
20200829_clip_42_1859_img_5.jpg,12,7,5,12,5
20200829_clip_52_2334_img_115.jpg,10,4,6,9,5
20200830_clip_0_0000_img_5.jpg,9,2,7,3,1
20200830_clip_16_0728_img_12.jpg,1,0,1,0,0
20200830_clip_33_1500_img_115.jpg,2,0,2,0,0
20200830_clip_52_2346_img_115.jpg,0,0,0,0,0
20200831_clip_0_0000_img_5.jpg,0,0,0,0,0
20200831_clip_16_0724_img_110.jpg,3,3,0,3,0
20200831_clip_35_1538_img_115.jpg,6,0,6,1,1
20200831_clip_53_2348_img_115.jpg,1,0,1,0,0
20210108_clip_0_1158_img_5.jpg,8,5,3,9,4
20210108_clip_19_2231_img_115.jpg,3,3,0,4,1
20210108_clip_22_2355_img_115.jpg,4,0,4,1,1
20210108_clip_5_1418_img_115.jpg,0,0,0,1,1
20210108_clip_6_1627_img_115.jpg,9,8,1,14,6
20210109_clip_0_0000_img_5.jpg,3,0,3,0,0
20210109_clip_16_0707_img_83.jpg,1,1,0,1,0
20210109_clip_29_1311_img_115.jpg,25,16,9,28,12
20210109_clip_34_1620_img_103.jpg,11,9,2,16,7
20210109_clip_50_2339_img_115.jpg,2,2,0,3,1
20210110_clip_0_0000_img_5.jpg,1,0,1,0,0
20210110_clip_22_0958_img_5.jpg,1,1,0,1,0
20210110_clip_28_1230_img_5.jpg,18,18,0,23,5
20210110_clip_36_1607_img_75.jpg,10,7,3,13,6
20210110_clip_53_2339_img_115.jpg,0,0,0,0,0
20210111_clip_0_0000_img_5.jpg,0,0,0,1,1
20210111_clip_15_0641_img_5.jpg,1,1,0,2,1
20210111_clip_22_0957_img_11.jpg,6,5,1,6,1
20210111_clip_39_1802_img_115.jpg,1,0,1,0,0
20210111_clip_51_2338_img_115.jpg,0,0,0,1,1
20210112_clip_0_0000_img_5.jpg,1,1,0,1,0
20210112_clip_10_0434_img_115.jpg,1,1,0,1,0
20210112_clip_26_1540_img_5.jpg,8,7,1,10,3
20210112_clip_44_2343_img_115.jpg,0,0,0,0,0
20210113_clip_0_0000_img_5.jpg,0,0,0,0,0
20210113_clip_14_0617_img_5.jpg,2,2,0,3,1
20210113_clip_33_1811_img_5.jpg,2,2,0,5,3
20210113_clip_45_2345_img_115.jpg,0,0,0,0,0
20210114_clip_0_0000_img_5.jpg,0,0,0,0,0
20210114_clip_25_1330_img_115.jpg,4,3,1,7,4
20210114_clip_45_2227_img_115.jpg,1,1,0,3,2
20210114_clip_48_2351_img_115.jpg,1,1,0,1,0
20210115_clip_0_0000_img_5.jpg,0,0,0,1,1
20210115_clip_33_1642_img_115.jpg,7,5,2,14,9
20210115_clip_36_1935_img_5.jpg,4,4,0,6,2
20210115_clip_44_2319_img_115.jpg,0,0,0,0,0
20210116_clip_0_0000_img_5.jpg,0,0,0,0,0
20210116_clip_20_1228_img_36.jpg,19,18,1,22,4
20210116_clip_27_1536_img_107.jpg,11,9,2,17,8
20210116_clip_45_2335_img_115.jpg,0,0,0,0,0
20210117_clip_0_0000_img_5.jpg,0,0,0,0,0
20210117_clip_11_0508_img_90.jpg,0,0,0,0,0
20210117_clip_31_1510_img_115.jpg,7,4,3,15,11
20210117_clip_51_2354_img_115.jpg,0,0,0,0,0
20210118_clip_0_0000_img_5.jpg,0,0,0,0,0
20210118_clip_18_0824_img_65.jpg,3,2,1,3,1
20210118_clip_36_1811_img_115.jpg,2,2,0,5,3
20210118_clip_46_2230_img_115.jpg,0,0,0,0,0
20210119_clip_0_0000_img_5.jpg,0,0,0,2,2
20210119_clip_1_0028_img_103.jpg,0,0,0,0,0
20210119_clip_2_0056_img_67.jpg,0,0,0,0,0
20210119_clip_6_0248_img_115.jpg,0,0,0,0,0
20210120_clip_0_0141_img_5.jpg,0,0,0,0,0
20210120_clip_16_0909_img_115.jpg,3,2,1,3,1
20210120_clip_23_1225_img_5.jpg,5,5,0,6,1
20210120_clip_38_2308_img_115.jpg,0,0,0,0,0
20210121_clip_0_0000_img_5.jpg,0,0,0,0,0
20210121_clip_24_1317_img_5.jpg,3,3,0,3,0
20210121_clip_29_1537_img_5.jpg,4,4,0,4,0
20210121_clip_47_2341_img_115.jpg,0,0,0,0,0
20210122_clip_0_0000_img_5.jpg,0,0,0,0,0
20210122_clip_18_0808_img_5.jpg,4,3,1,3,0
20210122_clip_39_1830_img_32.jpg,1,0,1,2,2
20210122_clip_51_2359_img_59.jpg,0,0,0,0,0
20210123_clip_0_0000_img_5.jpg,0,0,0,0,0
20210123_clip_14_0607_img_5.jpg,0,0,0,0,0
20210123_clip_23_1108_img_107.jpg,6,6,0,6,0
20210123_clip_51_2353_img_115.jpg,2,2,0,2,0
20210124_clip_0_0000_img_5.jpg,0,0,0,0,0
20210124_clip_16_0717_img_115.jpg,0,0,0,0,0
20210124_clip_25_1113_img_115.jpg,9,7,2,7,0
20210124_clip_47_2209_img_115.jpg,0,0,0,0,0
20210125_clip_0_0000_img_5.jpg,2,1,1,3,2
20210125_clip_24_1246_img_115.jpg,11,7,4,10,3
20210125_clip_34_1705_img_5.jpg,9,9,0,15,6
20210125_clip_49_2341_img_115.jpg,0,0,0,0,0
20210126_clip_0_0000_img_5.jpg,0,0,0,0,0
20210126_clip_21_0947_img_5.jpg,1,1,0,1,0
20210126_clip_29_1321_img_115.jpg,6,2,4,9,7
20210126_clip_50_2306_img_115.jpg,1,1,0,1,0
20210127_clip_0_1437_img_5.jpg,7,5,2,7,2
20210127_clip_12_2013_img_115.jpg,4,3,1,8,5
20210127_clip_14_2109_img_5.jpg,2,1,1,5,4
20210127_clip_20_2354_img_115.jpg,0,0,0,1,1
20210128_clip_0_0000_img_5.jpg,1,1,0,1,0
20210128_clip_27_1239_img_5.jpg,9,5,4,11,6
20210128_clip_35_1602_img_5.jpg,12,8,4,12,4
20210128_clip_52_2347_img_115.jpg,0,0,0,0,0
20210129_clip_0_0017_img_5.jpg,0,0,0,0,0
20210129_clip_17_0813_img_115.jpg,3,2,1,3,1
20210129_clip_19_1116_img_5.jpg,7,5,2,9,4
20210129_clip_48_2357_img_115.jpg,1,1,0,1,0
20210130_clip_0_0000_img_5.jpg,0,0,0,0,0
20210130_clip_19_0846_img_5.jpg,1,1,0,1,0
20210130_clip_36_1613_img_115.jpg,11,9,2,14,5
20210130_clip_6_0242_img_115.jpg,0,0,0,0,0
20210131_clip_0_0000_img_5.jpg,1,1,0,1,0
20210131_clip_23_1040_img_5.jpg,2,2,0,3,1
20210131_clip_52_2346_img_115.jpg,0,0,0,0,0
20210131_clip_9_0412_img_115.jpg,1,1,0,1,0
20210401_clip_0_0000_img_5.jpg,0,0,0,0,0
20210401_clip_31_1333_img_115.jpg,15,3,12,6,3
20210401_clip_40_1738_img_5.jpg,8,5,3,10,5
20210401_clip_54_2345_img_115.jpg,0,0,0,0,0
20210402_clip_0_0000_img_5.jpg,0,0,0,0,0
20210402_clip_18_0759_img_5.jpg,1,1,0,2,1
20210402_clip_32_1416_img_115.jpg,7,3,4,4,1
20210402_clip_54_2341_img_115.jpg,0,0,0,1,1
20210403_clip_0_0000_img_5.jpg,0,0,0,0,0
20210403_clip_17_0723_img_115.jpg,0,0,0,0,0
20210403_clip_28_1222_img_8.jpg,7,5,2,7,2
20210403_clip_51_2350_img_115.jpg,0,0,0,0,0
20210404_clip_0_0000_img_5.jpg,1,0,1,0,0
20210404_clip_14_0609_img_5.jpg,0,0,0,0,0
20210404_clip_24_1038_img_115.jpg,2,0,2,0,0
20210404_clip_53_2351_img_115.jpg,0,0,0,1,1
20210405_clip_0_0000_img_5.jpg,0,0,0,0,0
20210405_clip_3_0124_img_58.jpg,0,0,0,0,0
20210405_clip_8_0344_img_115.jpg,0,0,0,0,0
20210405_clip_9_2314_img_115.jpg,0,0,0,0,0
20210406_clip_0_0000_img_5.jpg,0,0,0,0,0
20210406_clip_18_0758_img_5.jpg,4,3,1,5,2
20210406_clip_35_1512_img_115.jpg,6,3,3,5,2
20210406_clip_52_2338_img_115.jpg,0,0,0,0,0
20210407_clip_0_0000_img_5.jpg,3,2,1,2,0
20210407_clip_23_1018_img_115.jpg,0,0,0,0,0
20210407_clip_36_1622_img_5.jpg,3,3,0,4,1
20210407_clip_53_2357_img_115.jpg,0,0,0,0,0
20210408_clip_0_0000_img_5.jpg,0,0,0,0,0
20210408_clip_17_0740_img_115.jpg,1,1,0,2,1
20210408_clip_40_1824_img_115.jpg,2,1,1,1,0
20210408_clip_52_2335_img_115.jpg,0,0,0,0,0
20210409_clip_0_0000_img_5.jpg,0,0,0,0,0
20210409_clip_34_1636_img_115.jpg,3,1,2,2,1
20210409_clip_50_2346_img_115.jpg,0,0,0,0,0
20210409_clip_8_0344_img_115.jpg,1,0,1,1,1
20210410_clip_0_0000_img_5.jpg,0,0,0,0,0
20210410_clip_30_1328_img_115.jpg,9,3,6,5,2
20210410_clip_41_1817_img_115.jpg,8,6,2,11,5
20210410_clip_53_2334_img_115.jpg,1,1,0,2,1
20210411_clip_0_0000_img_5.jpg,0,0,0,0,0
20210411_clip_17_0756_img_5.jpg,0,0,0,1,1
20210411_clip_53_2354_img_115.jpg,0,0,0,0,0
20210412_clip_0_0000_img_5.jpg,0,0,0,0,0
20210412_clip_32_1430_img_115.jpg,3,1,2,1,0
20210412_clip_53_2353_img_115.jpg,0,0,0,0,0
20210413_clip_0_0000_img_5.jpg,0,0,0,0,0
20210413_clip_33_1449_img_115.jpg,2,0,2,1,1
20210413_clip_53_2351_img_115.jpg,0,0,0,0,0
20210414_clip_0_0000_img_5.jpg,0,0,0,0,0
20210414_clip_39_1732_img_115.jpg,10,10,0,13,3
20210414_clip_51_2300_img_115.jpg,0,0,0,0,0
20210415_clip_0_0000_img_5.jpg,0,0,0,0,0
20210415_clip_29_1329_img_115.jpg,7,3,4,6,3
20210415_clip_53_2352_img_115.jpg,1,1,0,1,0
20210416_clip_0_0000_img_5.jpg,1,1,0,2,1
20210416_clip_22_0953_img_5.jpg,1,0,1,1,1
20210416_clip_54_2342_img_115.jpg,1,1,0,4,3
20210417_clip_0_0000_img_5.jpg,2,2,0,4,2
20210417_clip_33_1437_img_115.jpg,1,0,1,0,0
20210417_clip_35_2317_img_115.jpg,1,1,0,1,0
20210418_clip_0_0000_img_5.jpg,0,0,0,1,1
20210418_clip_37_1623_img_115.jpg,17,5,12,14,9
20210418_clip_53_2337_img_115.jpg,1,0,1,1,1
20210419_clip_0_0000_img_5.jpg,0,0,0,0,0
20210419_clip_36_1555_img_80.jpg,16,5,11,7,2
20210419_clip_53_2345_img_115.jpg,0,0,0,0,0
20210420_clip_0_0000_img_5.jpg,1,1,0,1,0
20210420_clip_34_1506_img_115.jpg,18,2,16,4,2
20210420_clip_51_2351_img_115.jpg,0,0,0,0,0
20210421_clip_0_0000_img_5.jpg,0,0,0,0,0
20210421_clip_32_1440_img_115.jpg,3,0,3,0,0
20210421_clip_53_2342_img_115.jpg,0,0,0,0,0
20210422_clip_0_0000_img_5.jpg,0,0,0,0,0
20210422_clip_35_1526_img_115.jpg,6,0,6,1,1
20210422_clip_54_2348_img_115.jpg,0,0,0,0,0
20210423_clip_0_0000_img_5.jpg,0,0,0,0,0
20210423_clip_30_1257_img_115.jpg,6,0,6,1,1
20210423_clip_55_2336_img_115.jpg,2,2,0,2,0
20210424_clip_0_0000_img_5.jpg,2,2,0,2,0
20210424_clip_36_1610_img_115.jpg,17,8,9,10,2
20210424_clip_53_2333_img_115.jpg,4,4,0,6,2
20210425_clip_0_0000_img_5.jpg,3,2,1,4,2
20210425_clip_26_1201_img_115.jpg,14,2,12,2,0
20210425_clip_51_2245_img_115.jpg,3,3,0,5,2
20210426_clip_0_0000_img_5.jpg,1,0,1,0,0
20210426_clip_38_1650_img_115.jpg,5,1,4,1,0
20210426_clip_54_2354_img_115.jpg,0,0,0,0,0
20210427_clip_0_0000_img_5.jpg,3,3,0,3,0
20210427_clip_37_1634_img_115.jpg,15,5,10,5,0
20210427_clip_53_2335_img_115.jpg,1,1,0,1,0
20210428_clip_0_0000_img_5.jpg,0,0,0,0,0
20210428_clip_34_1615_img_115.jpg,9,5,4,7,2
20210428_clip_52_2357_img_115.jpg,0,0,0,0,0
20210429_clip_0_0000_img_5.jpg,0,0,0,0,0
20210429_clip_18_0819_img_23.jpg,1,0,1,0,0
20210429_clip_53_2352_img_115.jpg,1,0,1,0,0
20210430_clip_0_0000_img_5.jpg,1,0,1,0,0
20210430_clip_37_1632_img_115.jpg,18,6,12,10,4
20210430_clip_53_2346_img_115.jpg,3,2,1,2,0
