0 0.287760 0.355903 0.018229 0.079861
0 0.307292 0.368056 0.020833 0.090278
0 0.354167 0.586806 0.036458 0.125000
0 0.329427 0.420139 0.023438 0.069444
0 0.333333 0.373264 0.015625 0.045139
0 0.345052 0.392361 0.018229 0.076389
0 0.359375 0.413194 0.020833 0.069444
0 0.371094 0.388889 0.018229 0.062500
0 0.367188 0.333333 0.015625 0.055556
0 0.378906 0.333333 0.013021 0.055556
0 0.423177 0.342014 0.013021 0.038194
0 0.417969 0.371528 0.018229 0.069444
0 0.434896 0.368056 0.015625 0.055556
0 0.430990 0.420139 0.018229 0.083333
0 0.444010 0.401042 0.018229 0.038194
0 0.447917 0.451389 0.015625 0.090278
0 0.582031 0.329861 0.018229 0.083333
0 0.710938 0.473958 0.026042 0.107639
0 0.739583 0.477431 0.026042 0.100694
0 0.524740 0.656250 0.033854 0.138889
0 0.562500 0.633681 0.046875 0.156250
0 0.604167 0.637153 0.036458 0.128472
0 0.617188 0.555556 0.031250 0.118056
0 0.649740 0.565972 0.028646 0.131944
0 0.674479 0.631944 0.041667 0.173611
