0 0.295573 0.345486 0.013021 0.045139
0 0.308594 0.345486 0.013021 0.052083
0 0.325521 0.345486 0.015625 0.052083
0 0.276042 0.473958 0.031250 0.086806
0 0.361979 0.340278 0.015625 0.062500
0 0.373698 0.361111 0.013021 0.062500
0 0.388021 0.368056 0.015625 0.048611
0 0.393229 0.331597 0.015625 0.045139
0 0.417969 0.378472 0.018229 0.062500
0 0.438802 0.380208 0.018229 0.065972
0 0.444010 0.456597 0.023438 0.093750
0 0.527344 0.909722 0.044271 0.180556
0 0.774740 0.548611 0.028646 0.111111
0 0.809896 0.538194 0.036458 0.131944
0 0.828125 0.699653 0.072917 0.184028
0 0.930990 0.684028 0.044271 0.166667
0 0.981771 0.628472 0.031250 0.062500
0 0.964844 0.760417 0.059896 0.194444
