0 0.311198 0.336806 0.013021 0.048611
0 0.316406 0.383681 0.018229 0.065972
0 0.354167 0.395833 0.015625 0.062500
0 0.372396 0.383681 0.015625 0.065972
0 0.391927 0.380208 0.018229 0.059028
0 0.415365 0.366319 0.018229 0.059028
0 0.434896 0.366319 0.015625 0.052083
0 0.449219 0.348958 0.007812 0.024306
0 0.412760 0.500000 0.023438 0.083333
0 0.526042 0.687500 0.041667 0.152778
0 0.704427 0.906250 0.054688 0.187500
0 0.805990 0.887153 0.054688 0.218750
0 0.890625 0.925347 0.067708 0.149306
0 0.742188 0.526042 0.031250 0.100694
0 0.774740 0.517361 0.033854 0.090278
0 0.744792 0.645833 0.041667 0.145833
0 0.789062 0.637153 0.046875 0.149306
0 0.824219 0.597222 0.039062 0.138889
0 0.865885 0.590278 0.044271 0.145833
